4063124211	0
4063122008	0
4063124211	0
4063589506	1
4063623202	0
4063915008	0
4624560710	0
4066600513	1
4066644509	1
4066673901	0
4066726712	0
4066741103	0
4066745003	0
4066965000	0
4067014706	0
4067017204	0
4067029110	0
4067039708	0
4067061101	0
4067064605	0
4067107405	0
4067826605	1
3644630507	0
4067896608	0
4068039510	0
4068147005	0
4068197000	1
1909910704	1
1910816404	1
1911484801	0
1911549901	0
1912309202	0
1914226601	1
1914478602	0
4068374800	0
4068437404	0
4068440806	0
4068464409	1
4068521306	1
4068622100	0
4068699813	0
2107614700	0
2017803501	0
2018080400	0
2019518502	1
2020217704	0
2021691202	0
4068741405	1
4068787601	0
4068821514	1
4068913501	0
4068977907	0
4069020705	1
4069058613	0
4069140211	0
4069174711	0
4069265812	0
4069339313	0
4069414303	1
4069477103	0
4069707407	0
4069713914	0
4069727914	0
2022175902	0
2022482404	0
2022682404	0
2023366402	1
3677133609	1
3840024609	0
3677361202	0
4069912413	1
4070258809	1
4070364800	1
4070662607	1
4071254101	1
4073162105	0
4073299211	0
4073690809	1
4074166309	1
4074440907	1
4074503808	0
4074515105	0
4074795408	0
4075011400	0
4075642305	0
4077594809	0
4076214205	0
4076219811	0
4076351808	0
4076421503	1
4076489511	0
4077096802	0
4077594809	0
4077722312	0
4077869514	1
4077994913	0
4078031603	0
4078209510	0
4078427207	0
4078572012	1
4078828907	1
4079131604	1
4080154206	1
4080228400	0
4080253503	1
4080254508	0
4080498513	1
4624560710	0
4081010107	0
4081040412	1
4081466510	0
4081673508	0
4624560710	0
4082032402	0
4082580104	0
4082645802	1
4083076814	0
4083334807	0
4083734911	0
4083901000	0
4084011212	0
4084171200	0
4084621713	0
4084691508	0
4084812413	0
4085138801	1
3644630507	0
4085627003	0
4085844804	0
4085904506	0
4086109412	1
4086369309	0
4086434508	0
3680023811	0
3680430500	0
3680461000	0
3680473101	0
3680758406	1
3681145710	0
3681174402	0
3681565813	1
3681891914	0
3682101911	0
3682408009	0
3683534907	1
3684347502	0
3684765114	0
3684982307	0
3685005013	0
3685085504	0
3685200006	0
3685752207	1
3686076514	0
3686504402	1
3686808109	1
3687121211	1
3687632308	1
3688871809	1
3689030903	0
3689147609	0
3689351313	1
3689806703	1
3690272701	0
3559289903	0
3691821210	0
3691981903	0
3692028205	0
3692099006	0
3692496312	1
3692971500	0
3693039808	0
3693177505	1
3693370212	0
3693604400	0
3693903307	1
3694155612	0
3694652800	0
3694702505	0
3695050213	0
3695124705	0
3695128113	0
3695162009	0
3695301305	0
3695355312	0
3695378806	0
3695490704	0
3696053711	0
3696292506	1
3696543306	1
3696787110	1
3696975610	1
3697074412	0
3697129213	0
3697331407	0
3697454209	1
3697709703	0
3697883808	0
3698015103	0
3698147901	0
3698194204	0
3698242811	0
3698271901	0
3698467705	1
3698883604	1
3699898010	1
3700137014	0
3700276813	1
3700503710	1
3701113107	1
3701237009	1
3701449803	0
3702840312	0
3702022410	0
3702030513	0
3702042902	0
3702044211	0
3702197302	0
3702215809	0
3702215803	0
3702538911	1
3702840312	0
3702873504	1
3703180506	1
4086707903	1
4086957302	0
4087213701	0
4087272402	0
4087547110	1
4396950214	0
4087611505	0
3703614404	1
3703783507	1
3703859405	0
3704116609	0
3704209905	1
3704302004	0
3704506513	0
4087630504	0
4088122702	1
4088645710	1
4089231508	0
4088831104	0
3704569902	0
3704826714	0
3704861209	0
3705562905	1
3706007502	0
3706058901	1
3706080000	0
4089151612	0
4089231508	0
4089231508	0
4090156005	0
4090642714	0
4090726306	0
4091111711	1
4091205900	1
4624560710	0
4092012309	0
4092078501	0
4092610114	0
4093119311	0
3706275804	1
3706847109	0
3707005507	1
3707096204	1
3707554211	0
3708133302	0
3670420609	0
3708864014	0
3709120605	0
3649236814	0
3709814400	0
3710202906	0
3710208812	0
4097248805	1
4097577801	0
4097842506	0
3644630507	0
4099115210	1
4099577707	1
3710494704	0
3710521810	1
3710638702	0
3710685009	0
3644630507	0
3710792102	1
4624560710	0
4624560710	0
4101491602	1
4101574411	1
4101872100	0
3710800300	1
3711118304	1
3711045411	0
3711357604	1
3711556809	1
4102812905	1
4103269214	1
4103409206	0
4103653802	1
4104026002	0
4104227810	0
4624560710	0
4104587410	1
4104981004	1
3559289903	0
4105943206	1
4106132709	1
3711819606	0
3711699710	0
3711915308	0
3712321606	0
3712406805	0
3712437707	0
3712193213	0
3712416107	0
3712901208	0
4624560710	0
4106845610	0
4107583802	0
3644630507	0
4108058414	0
4108268605	0
4108631502	1
4109031200	0
3275013810	0
3712937312	1
3713145107	0
3713514702	1
3713568913	0
3713592614	0
3713595708	0
4592233403	1
3714637107	0
3713964306	1
3714040610	0
4112693701	1
4112974407	0
4113550111	0
4113637812	0
4114020707	0
4114192810	0
3644630507	0
4114482603	0
3714152402	0
3714211810	0
3715576701	0
3714900305	0
3715328500	0
3715563508	0
3715930304	0
3715862010	0
4117013501	1
4117155807	0
4117298006	0
4118086900	0
4119357612	0
4308665301	0
3670420609	0
3670420609	0
3717362212	0
3717623601	0
3718198400	0
3718301412	0
3718447005	0
3718474814	0
3718672307	0
3718889203	1
4126567412	0
4126585714	0
4126683210	0
4126683310	0
4127252700	0
4127344608	0
4127582814	0
4127924110	0
4128042100	0
4132053607	0
4128129601	0
4624560710	0
4128336001	0
4128525704	0
4128908310	0
4129221009	1
4129600501	1
4129911204	1
4130483001	1
4131245807	1
4132724811	0
4132745804	0
4132855708	0
4133072607	0
4133193302	1
4133241811	0
4133277013	0
4133690600	1
2042666502	1
2043818401	1
2046457504	1
2047236204	1
4134578800	1
4134587008	0
4134677710	0
4134827810	0
4134885714	1
4134969201	0
4134973411	0
4135065312	0
4135454414	0
4135545714	0
4135579405	0
4135758801	0
4135891211	0
4767192009	1
4136336201	0
4136531006	0
4136789004	1
4137487907	0
4137501905	0
4137978111	0
4138178408	0
4138490213	1
4138501505	1
4138967711	1
4139455606	1
4624560710	1
4139882906	1
4140051414	0
4140418105	0
4140716502	1
4140747112	0
4141381808	1
4141968000	1
4142272511	0
4142985613	1
4143482312	0
4143783510	0
4143796709	0
4143837907	0
4144458101	0
4144921002	1
4145448210	0
4145682000	0
4145930301	1
4150283709	0
4146315112	1
4150283709	0
4147948408	0
4147971900	0
4148055514	0
4148243302	1
4150283709	0
4148845605	0
4149361511	0
4150283709	0
4149797408	0
4150114401	0
4150283709	0
4150404511	0
4150648301	1
4150700301	0
4150759201	0
4151089606	0
4151152610	0
4151533114	0
4151613702	0
4151750811	0
4151956912	0
4151987307	0
4152050701	1
4152362007	0
4152362802	0
4152567312	0
4152578810	0
4152606312	0
4152682012	0
4152682309	0
4152733603	0
4152856509	1
4152872007	0
3644630507	0
4153110100	0
4153370510	1
4153542014	1
4153707601	0
4153863714	1
4153996013	1
4154719509	1
3719065603	1
3719684004	1
3719975111	1
3720283313	1
3720462703	1
4155851713	0
4156041010	0
4156168705	0
4156655300	0
4156664814	0
4156787411	0
4345939704	0
4345939704	0
4345939704	0
4156676309	1
4157180202	0
4157590610	0
4157656713	1
3720490202	0
3720607506	0
3721110705	1
3721724005	0
3721905410	1
3722618112	0
4158113206	0
4158540913	0
4158568510	0
4158957207	0
4159075212	0
4159132609	0
4159159008	0
4159264002	0
3670420609	0
4159456405	0
3722619106	0
3722630809	0
3723087103	1
3723383007	0
3723689805	0
3724091805	0
3724156412	1
4159989211	1
4160605814	0
4161227109	0
4161908902	1
4162394707	0
4162730414	1
3726441205	1
3727563003	0
3728095513	0
3670420609	0
3728600110	0
3728695405	1
3729867405	1
3730171113	0
3730528004	1
3730669107	1
3730690010	0
3730936412	0
3731451009	0
4162829704	1
4163029103	1
4163528202	1
4164415211	1
4164975602	1
3732162313	0
3732339510	1
3733199109	0
3733402403	0
3733881507	1
4165021111	1
4165105700	0
4165474008	0
4166071509	0
4166168505	1
4166336700	0
4166862704	0
4167167110	0
4167386705	0
4624560710	0
4624560710	0
4168794106	1
4624560710	0
3733930304	0
3734380611	1
3734530514	1
3734760307	1
3734836209	1
3670420609	0
4169553606	0
4169582705	0
4169867105	0
4624560710	0
4624560710	0
4170424008	1
3734972109	0
3734978611	0
3734989112	0
3734996505	0
3735083213	1
3735278110	0
4170584209	0
4170675609	0
4170694212	0
4170851905	0
4171095511	0
4171104813	0
4171284212	0
4171725313	0
3735341607	1
3735564306	1
3735900407	0
3736114204	1
3736117413	0
3736222107	0
3736543803	0
3736567502	0
3736602006	0
3736603414	0
3736913909	1
3736944009	0
3737018809	0
3737309610	0
3737314706	0
4173662914	1
4174021707	0
4174178812	1
4174478207	1
4175293601	1
3737521304	1
3737690800	0
3737880511	0
3738045408	0
3738307005	0
3738423214	0
3738471007	1
3738918613	1
3739585304	1
3649236814	1
3739747500	1
3740340602	1
4175754401	1
4176758101	1
4176792111	0
4176952010	0
4176987512	0
4177073710	1
4177164109	0
4177533512	0
4177734206	0
4177770213	0
4177789212	0
4177886205	0
4177918602	0
4624560710	0
4178336906	1
4295383800	1
4295421311	1
3644630507	1
4296507803	1
3741106305	1
3741183708	0
3741963808	1
3741991607	0
3742011708	0
3742044813	1
4296695414	1
4296908102	0
3670420609	0
4297284908	0
4297607203	1
3742315006	0
3742905710	0
3743242709	0
3743330102	1
3743640403	1
3743906609	0
4297828514	0
4298068705	0
4298278007	0
4298375703	0
4298731407	1
4299096814	0
3743977508	1
3744535708	1
3744633506	0
3744638414	0
3744761103	0
3744761103	0
3744818905	0
3745496700	0
3746268604	0
3649236814	0
3746638506	0
3746859809	1
3747259909	1
3747667414	0
3748100014	0
4301121007	0
4301225400	0
4301237412	0
4301366814	0
4301471811	0
4624560710	0
4301555008	0
4301792704	0
4301814107	0
4624560710	0
4308665301	0
4302667312	0
4303397513	1
4304354810	1
4304729607	0
4304735505	0
4304778905	0
4304910410	0
4304915103	0
4305242106	0
4305337510	0
4305375404	1
4413041402	0
3748671214	1
3749103908	1
3750023408	0
3750263111	1
3750326202	1
3750806814	1
3750864803	0
3750872512	0
3751367509	1
3752412005	1
3753012002	0
4321577701	1
4306705209	1
4306789900	1
4306836612	1
4624560710	0
3754589410	0
3754828314	0
3755060702	0
3755283907	0
3755567603	1
3757226209	0
3757235303	0
3757280909	0
3757363802	0
3758232607	0
3758409614	0
3758439609	0
3758952902	0
3760441206	1
3761254200	1
3761338512	0
3761530800	1
3761924304	1
3762670813	1
3762918401	0
3762962903	0
3763582707	1
3764129812	1
3764154502	0
3764258706	0
4313091313	1
4313181812	1
4313365603	1
4313559306	0
4313942805	0
3764275702	0
3764350111	0
3764696112	0
3765182601	0
3765567614	0
3765999304	0
4314183701	1
4314635207	0
4314702612	0
4314882202	0
4315165909	0
4314904201	0
4314993109	1
3768373203	1
3769743807	1
3770204910	1
3770713004	0
3771383907	1
4317662012	1
4317748505	0
4317835111	0
4317940704	0
4318027302	0
4318285903	0
4318625604	0
3771803805	1
3771807311	0
3772017609	0
3772060006	0
3772335208	0
3772794909	1
3817269010	0
3773707214	0
3774186710	0
4318869909	1
4318886009	1
4319017608	1
4319054211	1
4319247402	1
4319880007	0
4319933106	0
4319956912	0
4319979504	0
4320080000	0
4320152309	0
4624560710	0
4320591712	0
4320621906	0
4320643803	0
4320831110	0
4321063114	0
4321078912	0
4321102311	0
4321102806	0
4321173406	0
5032375905	0
4322077514	0
4322235900	1
4322378704	0
4322480200	0
4322520308	0
3644630507	0
3644630507	0
4322887803	0
4323091712	0
3774264912	0
3774727404	1
3775070608	0
3644630507	0
3776119810	0
3776397104	0
3776830210	1
4323267900	0
4323303712	0
4323321705	0
4323339410	0
4323405702	0
4326293707	1
4326683106	1
3782219014	1
3782432401	0
3782433300	0
3782643411	0
3783621212	0
3783749907	0
3784634806	1
5329813811	0
3792307413	1
3793050702	1
3793333912	1
3793726909	0
4328613507	1
4328640911	1
4328872602	1
4328959214	1
4329371111	1
3795076312	1
3795331204	1
3795893600	1
3796469602	1
3796881806	1
3797042507	0
3797100403	0
3797825309	1
3798584808	0
3799551705	0
3799869800	0
3800821013	1
4329730414	1
4329848802	1
4330009214	0
4330092400	0
4330211503	0
3644630507	0
4330921405	0
4330979709	1
4331045913	0
4331123204	0
4624560710	0
4331994202	1
4332074009	0
3803736207	1
3804287702	1
3804805010	1
3805548011	1
3805767700	0
4332446404	0
4332533104	0
4332559913	0
4332870407	0
4333236714	1
4333918104	1
4333963814	0
3806341809	0
3807234110	1
3807683900	1
3807714908	0
3808804614	0
3808933409	0
4333996104	1
4334365700	1
4334626000	1
4335042906	1
4335329007	1
3809680410	1
3810020209	0
3810126309	0
3810698606	0
3811282210	1
3811423109	0
3811889511	1
3812267300	1
3864024113	0
3813259600	1
3814403608	0
3814478011	0
4339190514	1
4339481702	1
4339566014	1
4339980506	1
4340279404	1
3644630507	0
3814870506	1
3816066606	0
3816066606	0
3816066606	0
3816723900	1
3816992508	1
4340279609	0
3670420609	0
4340470012	0
4340733113	1
4341035314	1
4783303710	0
4341508603	1
4341996705	0
4342024103	1
4342158110	0
4342531807	0
3819633508	1
3819689107	0
3820037805	1
3820737314	1
3820754609	0
3820849409	0
3820932504	0
4342671309	1
4343006711	1
4343036308	1
4343287314	0
4343632100	1
3821198200	1
3822231211	1
3822715603	1
3822965310	1
3823195313	1
4343888406	1
4344180307	1
4344222704	1
4344477006	1
4344623900	1
3823414611	1
3823765007	1
3824312903	0
3824373906	1
3825263804	1
3831537000	0
3826105704	1
3826126501	0
3826464404	1
3827471714	0
3829014802	0
3830035602	0
3830429904	0
3831537000	0
3832261511	1
3832506203	0
4346998107	1
4347493308	1
4347695306	1
4347861213	1
4348028613	1
4348437210	0
4348660503	0
4348798209	0
4348855607	0
4349668612	1
4350081802	0
4350368709	0
3833154010	0
3833415308	1
3833677500	0
3834259814	0
3834697411	0
3670420609	0
3835279906	0
3835754103	0
4351017509	0
4351021913	0
4351258806	0
4351297602	0
4351424303	0
4352197304	0
3838127909	0
3838199510	0
3838365602	1
3838807304	0
3839216109	0
3840024609	0
3840361301	0
3840809705	1
3841385403	1
3841522209	0
3841602203	0
3842052601	1
3842126414	0
4353762211	1
4354194607	1
4354310513	1
4354844814	1
4355051903	1
3842320900	1
3842706911	1
3842708113	0
3670420609	0
3842943811	0
3843099802	0
3843280912	1
4355618808	1
4355945305	0
4355946910	0
4356012001	0
4356337512	1
4356545609	0
3843489007	0
3843578810	1
3843682504	0
3844345406	1
3845299709	1
3845580705	1
3845778208	1
3846119902	1
3846380008	1
3846609413	1
4357990514	1
4358345500	1
4358427902	1
4358655109	1
4358684911	0
4358778405	0
4359138208	0
4359301309	0
4359565102	0
4359712912	0
4359749411	0
4359821105	0
4359948414	0
4359961012	0
3849595403	0
3849849302	0
3849901705	0
3849998406	0
3850234208	1
3850359813	0
3850617705	1
3649236814	0
4624560710	0
4362385714	0
4363758806	1
4624560710	0
4364007003	0
4624560710	0
4364942005	0
3850724408	0
3851293600	0
3851421612	0
3851889100	1
3852255108	0
3852554511	0
3852695010	0
3852816814	0
3853414414	1
3854032006	1
3854281905	1
3855308211	1
3855369205	0
4624560710	0
4624560710	0
4365948105	1
4366060707	0
4366225509	0
4624560710	0
4366651409	0
4366756310	0
4366864109	1
4367040808	1
4367062104	0
4367127101	0
3855467707	0
3855641401	1
3855992504	0
3856299704	1
3856522010	1
4367292106	1
4367638011	0
4367686511	0
3644630507	0
4368140607	1
4368162704	0
4624560710	0
3856794710	1
3644630507	0
3859312905	0
3859932706	0
3860445111	1
3861228808	0
3861325906	0
3670420609	0
3862101111	1
3862185612	1
3862435114	1
3862840308	0
3863646002	1
3864024113	1
3864397903	1
3864694303	1
3864728011	1
4370335906	0
4370359707	0
4370398807	0
4370399301	0
4371009205	1
4371223614	1
4624560710	0
4371365804	0
4371546400	0
4371656501	1
4371921002	1
3559289903	0
4372145014	1
3865081406	0
3865189305	1
3865296811	1
3865610512	1
3865800800	1
3866053405	0
3866163001	0
3866291612	0
3866380000	1
3867180306	1
4373898901	0
4755526304	0
4374163508	1
3670420609	0
4374588805	1
3867538412	1
3867864204	1
3868161801	1
5044954704	1
3868530213	1
3868921110	1
3869405305	1
3869932311	0
3870085308	0
3870336510	0
3870516609	1
4375786912	1
4375794209	1
4375819300	0
4375831906	1
4375987713	1
4376097911	0
4624560710	0
3871098700	0
3871121806	0
3876160909	0
3871511401	0
3871716500	1
3871756610	1
4376522800	0
4376567503	1
4376635700	1
4376678306	0
4376877004	0
4377254609	0
3871827302	0
3872056913	0
3872064414	0
3872413108	0
3872485614	0
3872866808	0
3872962305	1
4377621906	1
4377769308	0
4377868201	1
4378280206	1
4378742101	1
3873320505	1
3873879707	0
3874204204	0
3874271600	0
3874288814	0
3874440913	0
3874691309	0
3874691309	0
3874920904	0
3875106407	0
3875261403	0
3875437313	0
4382821004	0
4624560710	0
4383757802	0
4384094810	0
4384600807	0
4385077501	0
3877335102	0
3877404809	0
3877604406	0
3878042912	1
3878288413	0
3878569211	0
3879533613	0
3879734311	1
3879903308	1
3880311407	0
3880592301	0
3881488712	0
3881811005	0
3881877907	0
3882264306	0
3883216912	1
3670420609	0
3884368800	1
3885021512	1
4390635305	0
4391009400	0
4391712503	0
4392021205	1
4392882512	0
4393191808	1
4393393503	0
3885220608	1
3885434906	0
3885768802	0
3885870010	0
3885870010	0
2874199707	1
3886133714	0
3886320810	0
4393617401	1
3670420609	0
4394150408	0
4394219810	1
4394520011	1
4394572404	0
3886404201	0
3886536605	0
3886607907	0
3886616412	0
3886643214	0
3644630507	0
3886808401	0
3887142814	0
3887231708	0
3887385004	0
3887528114	1
3887630610	0
3887925211	1
3888361306	0
3888413214	0
4395807813	0
4396914714	0
4396950214	0
4397055905	0
4397172603	1
4397274305	0
4397328212	0
4397479509	0
4397489801	0
4397602204	0
4397752614	0
26677112609	1
4398218601	1
4398426201	0
4398632801	1
4398756512	1
4398918707	1
4398930506	0
4399099207	1
3889757414	1
3889952607	1
3890919307	1
3891521909	0
3891624008	0
4399633508	0
3644630507	0
4399905302	1
4400134510	1
4624560710	0
4400749407	0
4401304913	0
8490676111	0
4403261704	1
4403419701	0
4403572905	0
4404016906	1
3891704608	0
3891952212	0
3892279911	0
3892541908	0
3893076009	0
3892950310	0
3892949307	0
4624560710	0
4404683914	0
4405005410	1
3670420609	0
3670420609	0
4405345712	1
4405420501	1
4405795813	0
4405803308	0
4405832807	1
4406195403	1
3644630507	0
4624560710	0
3894465204	0
3894924105	0
3895518608	0
3895708902	1
3896492607	0
4410486213	1
4410854105	1
4411110009	1
4411205703	1
4412009507	1
3896930006	1
3897211404	0
3897493210	0
3897987308	0
3897991013	0
3898285313	1
3898311613	1
3899048713	0
2024263001	1
2025906404	1
2026856403	1
2028198404	1
4415696906	1
4415825800	1
3644630507	1
4416672500	1
4417446607	1
4420565111	1
4624560710	0
4422664305	0
4424215102	0
3670420609	1
4424682310	1
4424947003	0
4425053300	0
4426313109	1
4426389600	1
4426750912	1
4427192511	0
4427429305	0
3899701802	1
3900049501	1
3900706006	1
3644630507	0
3901252300	1
3901364007	0
3901774107	0
3902043713	0
3902489107	0
3902690900	0
3903448012	1
3903736100	0
3904618514	0
3905020111	0
4430841811	0
4431115314	1
4431720209	1
4432154612	1
4432476109	1
3905196208	0
3906018702	1
3906471809	1
3906630706	1
3907201706	1
3907867509	1
3908612204	1
3909171414	1
3909513114	1
3909955702	1
4432608800	1
4433088409	0
4433447309	0
4433549208	0
4433553000	0
4433564514	0
4433727801	0
4624560710	0
3910428400	0
3910850503	1
3911089707	0
3670420609	0
3912129105	0
3912292505	0
3913102709	1
3913638603	1
4624560710	1
3914945008	1
3915390314	1
3915782006	0
4624560710	0
3916411203	0
4624560710	0
3917148200	1
3917625903	1
4624560710	1
3917910210	1
3918442006	1
3918455808	1
4624560710	1
3918922202	1
3918939406	0
3919236208	1
3919476104	1
3919678212	0
3919747314	0
3919873905	0
3920374205	0
3924554714	0
3920516913	0
4624560710	0
3920743602	0
3920762700	0
3921082014	0
4624560710	0
4624560710	0
4624560710	0
3670420609	0
3923203802	1
4624560710	0
3923675112	1
3923795712	1
3924554714	0
4624560710	0
4624560710	0
4624560710	0
3927361205	1
3927404511	0
3927590305	0
3927746709	0
3927955801	0
4624560710	0
3928497204	1
3929466402	1
4624560710	0
3644630507	0
3934589707	0
3935523707	1
3935711407	1
4624560710	0
3936149212	1
4624560710	0
3936770313	0
3937184300	0
3937347012	0
3937364812	0
4624560710	0
4624560710	0
3937876508	1
3938272105	0
4436528903	0
3670420609	0
4436825111	0
4436973510	0
4437029213	0
4437131309	0
3644630507	0
3644630507	1
3939322813	1
3939489401	0
4624560710	0
3670420609	0
4437433303	0
4438169105	0
4438412807	0
4438476511	0
4438775208	0
4439346603	1
4439654413	0
4439810609	0
4440460905	0
4624560710	0
4440692905	0
4440704512	0
4440747200	0
4440790207	0
4441040914	0
4441197502	1
4624560710	0
3940607614	0
3940611710	0
3940664605	0
3941052205	0
3941054512	0
4624560710	0
3941351005	0
4441382606	0
4441465509	0
4441660804	0
4441661413	0
4442164700	0
4442282013	0
5466100010	0
4624560710	0
4624560710	0
4624560710	0
3944398600	1
4624560710	0
4624560710	0
3644630507	0
3945393506	0
4442775112	1
4443281514	1
4443556909	1
4443957708	1
4443971413	1
3948574305	0
4624560710	0
3949741306	0
4624560710	0
4624560710	0
3644630507	0
4624560710	0
3951260704	1
4624560710	0
3951636113	1
3952032512	1
4624560710	0
4624560710	0
4624560710	0
4445141911	0
4445438709	1
4445508411	0
4445632402	0
4445649913	0
4445776403	1
4445780908	0
3649236814	0
4624560710	0
4624560710	0
3955013111	1
4624560710	0
3955690000	1
4445896411	1
5466100010	0
4446020307	0
4446445402	0
4446939700	1
4447032300	0
4447163104	0
3955880214	1
4624560710	0
3957079108	1
4624560710	0
4624560710	0
3958085413	0
4447279502	0
4447382303	0
4447616202	1
4447681513	0
4447771605	0
4448062514	0
4448327807	0
4448474509	0
4448523707	0
3959186913	1
3959627514	1
3644630507	0
3960169301	1
4624560710	1
3961061610	0
4624560710	0
3961983210	0
4624560710	0
4624560710	0
3963509100	0
3964079604	1
4624560710	1
3964791503	1
4624560710	1
3644630507	1
4624560710	1
3973030500	1
3973417907	0
3974294305	1
4624560710	0
3975463902	1
4624560710	0
4624560710	0
4624560710	0
3976362313	0
3976568907	0
4624560710	0
3977487512	1
3977508504	0
3977718407	0
4448655800	0
4448788408	0
4449020106	1
4449155706	1
4449427408	1
4449642607	0
3977884003	0
4624560710	0
3978296705	1
3978561304	0
4624560710	0
3978644414	0
3978650110	0
4449886905	1
4449925514	0
4450097310	0
4450634012	0
4450683713	1
4450941606	0
3670420609	0
3978727810	1
3978832602	1
3978982310	0
3979191200	0
3649236814	0
3979629007	1
3979910811	0
3980598006	0
3533598512	0
3981284510	1
4624560710	0
4396950214	0
3981513609	0
3649236814	0
3981618914	1
3982180105	0
3982359810	1
3982612105	0
3982873410	0
4454318002	0
4455112011	1
4455778307	1
4624560710	0
4456015313	1
3982963206	0
3983261414	0
3983264804	0
3983374100	0
3983792411	0
3983794607	0
3984693504	1
3985191012	1
3985259312	1
3985870300	1
3986050301	1
3986294106	1
3986828910	1
3987062804	0
4624560710	0
3987320412	0
3987360303	0
3987463812	0
3988730312	0
3988732507	0
3988817614	0
3989191304	1
3989191304	1
3989272100	0
3989470606	1
4459244012	1
4459600106	1
4460008911	1
4460228913	0
4460690209	0
4460787808	0
4624560710	0
3990325706	1
3990548614	1
3991065505	1
3991554703	1
3991693213	0
4464146200	1
4464738303	0
4465214804	1
4465410001	0
4465508703	0
4465514007	0
3991796710	0
3992282905	1
3993349511	1
3994905706	1
3995620912	1
4465555405	1
4466078311	0
4466800904	1
4467307804	1
4467467704	0
4468357412	1
3996159202	0
3996182512	0
3996249306	0
4624560710	0
3996390704	0
3996700407	1
3996954301	0
4624560710	0
4468817507	1
4469853607	1
4470033009	1
4470186001	1
4470232000	1
3997873510	1
3998973701	0
3999126007	0
3999478506	1
3999623406	0
3999630505	0
4470669511	0
4470718603	0
4471174112	1
4471388101	0
4471465813	1
4471702313	0
4472136109	1
3644630507	0
4000818901	0
4001129008	1
4001494505	1
4001830307	1
4001937905	0
4002392604	0
4002395302	0
4624560710	0
4002889606	0
4003504413	0
4005143700	1
4005222301	0
4005409506	0
4005828504	0
4624560710	0
4006002409	0
4006628511	1
4006780411	0
4007020507	0
4007047006	0
4007823009	1
4008243406	1
3355315414	0
4009252912	0
4009418612	0
4010054306	0
4010494514	1
4010737109	1
4011720206	0
4012533912	0
4012653702	1
4012777001	1
4013245311	1
4013870013	1
4014117412	1
4014558208	0
4413041402	0
4015983300	0
4016227002	0
4016759900	0
4016784810	0
4016968809	1
4017359505	0
4018209113	0
4018880508	1
4019120404	1
4019176804	1
4019382007	1
4019479105	1
4019777201	0
4020601608	1
4020893200	1
4021054508	1
4021205910	1
4021213314	0
4021558409	0
3670420609	1
4022766301	0
4023604309	1
4624560710	0
4024130300	1
3644630507	0
3644630507	0
4624560710	0
4025768810	0
4026751207	0
4026761101	0
4027141213	0
4027573100	0
4027836501	1
4028060911	0
4028301007	1
4624560710	0
4028609101	1
4028754704	1
4028765603	1
4029072712	0
4029108112	0
4029579702	0
4029596713	0
4030252104	1
4030361512	0
4624560710	0
4031338014	1
4031464109	0
4031869913	1
4032163803	1
3559289903	0
4473660213	1
4473711304	0
4473933600	0
4473969311	0
4474032105	1
4474465910	1
4474636000	0
4474750104	0
4474864207	0
4475183310	0
4475342010	0
4475933708	1
4476104608	0
4476116513	1
4477145906	1
4477467706	1
4477821812	1
4478181008	1
4032409712	0
4032414803	0
4032523604	1
4032695214	1
4032726313	1
4032787305	0
4032850708	0
4478266203	0
4478423001	1
4478537513	1
4478588507	0
4478609304	1
4478748314	0
4032862810	1
4032916809	0
4033110610	0
4033129106	0
4033778103	0
4034081114	1
4034280005	1
4478803100	0
4478810214	0
4478832512	0
4479059109	0
4479629302	0
4479772610	0
4479892609	0
4034470906	1
4034711514	0
4035105214	1
4035378107	1
4624560710	0
4479972707	1
4479979904	0
4479986206	0
4480178409	0
4480352702	0
4624560710	0
4480664913	0
4480879205	0
4481224201	1
4481250905	1
4481462013	1
4481735512	1
4481752008	1
4036787808	1
4037351713	1
4037924208	1
4038137706	1
4038237408	1
4482046300	0
4482074708	0
4482098607	0
4482159411	1
4482206207	0
4482235106	0
4482580213	0
4482760711	0
4482928604	0
4483558812	0
4484030109	0
4484031206	0
4484034606	0
4484037610	0
4484287714	0
4038315211	1
4038558908	1
4038579601	0
4039869007	0
4040144706	1
4040368302	0
4484328314	0
4484469309	0
4484878608	1
4485138804	1
4485280807	0
4040477304	0
4040524009	0
4040529913	0
4040580900	0
4040729013	1
4040830207	1
4041056310	0
4485853605	0
4624560710	0
4486288904	1
4486621200	0
4487125801	1
4041162806	0
4041564913	1
3670420609	0
8919136511	1
4042439011	0
4042616605	1
4487140511	1
4487200913	1
4487408214	1
4489245001	0
4488155814	0
4042667401	1
4044032811	1
4044650206	0
4045138208	1
4046624900	1
4046993312	0
4047360710	0
4047492114	0
4047538903	0
4047889004	0
4047909105	0
4047935600	1
4049082109	0
4049390600	0
3633728200	0
4489080407	0
4489245001	0
4489931611	1
4490275301	0
4490597314	0
4490646606	1
4491737403	1
4624560710	1
4492583609	0
4493374902	1
4624560710	0
4052686312	1
4052752406	0
4052971006	1
4053381614	1
3644630507	0
4053609701	0
4493634407	1
4493790205	1
4493920002	1
4494228107	1
4515760605	1
4053647401	0
4054014200	0
4054109805	0
4624560710	0
7378586213	0
4054638200	0
4054767603	0
4494516309	0
4494714107	0
4494865614	0
4494996905	0
4495425901	1
4495925903	0
4496115607	0
4496158500	0
4055475509	0
4055611514	1
4055953510	1
4056453010	1
4056646612	1
4496408502	0
4624560710	0
4497215404	0
4497270905	1
4497409705	0
4497535414	0
4497592805	1
4057148908	0
4057223200	0
3559289903	0
4057682514	0
4057993310	1
4058119100	0
4058456407	0
4058571112	0
4058581408	0
4058949907	0
4059252703	0
4059740401	0
4060178104	0
4060255505	0
4061640800	1
4061803711	1
4062339603	1
4062394010	0
4062502006	1
4499041614	0
4499102712	0
4499932908	0
4499274803	0
4499283703	0
4499355809	1
4499535114	1
4499586001	0
4499755802	0
4499800409	0
4499896302	0
4499932908	0
4500242410	1
4500314406	0
4500375401	1
4500453511	0
4500575800	0
4500577806	0
4500851510	0
4500900200	0
4501285700	0
4501400605	0
4501784808	1
4502146901	0
4624560710	0
4502533305	0
4502808802	0
4502875910	0
4503190907	1
4503347009	0
4503441702	0
4503593311	0
4503610402	0
4503651504	0
4503668514	0
4503759507	0
4503809211	1
4503989705	0
4504070601	0
4515760605	0
4504436802	0
4504494906	0
4504683209	0
4504783602	0
4504983107	1
4505170103	0
4505271413	1
4505524310	1
4505699602	1
4505975414	1
4507391309	1
4507898704	0
4508180613	1
5833848506	0
4508244505	0
4508434211	1
4508659208	0
4508908810	0
4508998514	1
4509058804	0
4509077203	0
4509216510	1
4509355904	0
4509410410	0
4509684600	0
2051681201	0
2051681201	0
2053026201	0
2053219704	1
2055122402	1
2056897600	0
4511309405	1
4511608407	0
4511880414	1
4511959313	0
4512165808	1
4512451511	0
4512712603	0
4513178500	1
4513390610	0
4513851504	1
4514088903	0
4514178803	1
4514586009	1
4515032200	0
4515143710	1
4515425213	0
4515695010	1
4515705200	0
4515930805	1
4516713601	1
4516715907	0
4516940104	0
4517069906	0
4517077008	0
4517189911	0
4517746206	1
4517848303	0
4517930012	0
4518489202	1
4518856909	0
4519280007	0
4519302909	0
4519314000	0
4520346310	1
4520638608	1
4624560710	0
4521308003	1
4521400401	0
4521407708	0
4521764705	0
4521783712	0
4521897107	0
4522044912	1
4522300102	0
4522678903	0
4522817400	0
4524676202	1
4562042203	0
4524832208	0
4524937303	1
4524944713	0
4525220609	0
4525803007	1
4526957901	1
4527419505	1
4527625813	0
4527893808	0
4527974604	0
4528406714	1
4528530811	1
4528760504	0
4528819100	0
4528950609	1
4529174413	1
4529298507	0
4529587705	0
4529847502	0
4529938908	0
4530218909	1
4530595112	0
4530875908	0
4530922112	0
4531230809	0
4531300106	0
4565391400	0
4531324310	0
4531396202	0
4531641511	0
4531675903	1
4532116804	0
4532504611	1
4532906413	1
4533649108	1
4534156808	1
4534272903	0
4534313403	1
4534533609	0
4534607214	1
4534676601	1
4534822303	0
4534961907	0
4535104606	0
4535240113	0
4535557200	0
4535891914	0
4539503414	0
4536001809	0
4536228400	0
4536894104	1
4536973107	0
4537360401	1
4537735609	1
4537881511	0
4538494002	1
4538743510	1
4539083711	1
4539503414	1
4539589403	1
4539980700	0
4540397610	1
4540664413	0
4540674806	0
4540885404	0
4540934803	1
4541139202	1
4541159903	0
4541295414	0
4541308112	0
4541368811	0
4541373514	0
4541375202	0
4541669009	1
4542377912	1
4542431408	0
4542830611	0
4543128905	0
4543159810	0
4543231210	0
4550137313	0
4543328805	0
4544471114	0
4544482612	0
4544670100	0
4544821203	0
4544891508	0
4550137313	0
4545087403	0
4545310104	0
4550137313	0
4546442604	1
4546464507	0
4546708013	0
4547082004	1
4547956513	1
4548083910	0
4548185414	0
4548444704	0
4548444704	0
4548758813	1
4548960505	0
4549004005	0
4549243503	0
4549290103	0
4549439208	0
4565391400	0
4549772009	0
4549782700	0
4550137313	0
4551517807	1
4551535801	0
4553106306	0
4553472702	0
4553709914	0
4553862313	0
4554033303	0
4554055310	1
4559578207	0
4559879103	0
4560507401	1
8919136511	1
4560767014	1
4562237508	1
4562260306	0
4562349600	0
26677112609	0
4562662505	0
4565391400	0
4565053812	1
4565118212	0
4565331106	0
4565391400	0
4565506607	0
4565801802	0
4565985103	0
4566271407	0
4567132403	1
4567523601	0
4567739014	0
4568097606	0
4726525901	0
4568680207	1
4569955414	1
4570352405	1
4570935601	1
4571833106	1
4572583202	1
4572789205	1
4572925306	0
4573208007	1
4574424409	0
4575579808	0
4575655908	0
4576030306	1
4576940906	1
4577054905	0
4577819900	1
4578524014	1
4578863910	1
4579005006	1
4726525901	0
4579659812	0
4580081510	0
4580601808	0
4580920806	1
4581405410	0
4581542003	0
4581627805	0
4582146002	0
5687920708	0
4582993102	1
4583850908	1
4583894203	1
4584057712	1
4584323110	1
4585015003	1
4588369509	1
4589210911	1
4589672010	0
4591136801	1
4591384300	1
4592233403	1
4592901504	1
4594204811	1
4594611108	1
5329813811	0
4594931003	0
4595067405	0
4596009913	0
4596010408	0
4596012304	0
4596017004	0
4596020513	0
4596025405	0
4596804607	1
4596921512	0
4624560710	0
4597649605	1
4599283710	1
4599602212	0
4599764812	0
4600597512	0
4602097809	1
4602439108	0
4602696611	0
4603477501	0
4603910910	0
4603568812	0
4607081006	0
4603741111	0
4603909305	0
4603910910	0
4603922113	0
4603960914	0
4604049312	0
4604055108	0
4604080105	0
4604092207	0
4604231210	1
4604236705	0
4604431612	1
4604740111	0
4605028101	0
4605330610	0
4605451507	0
4605658305	1
4605681005	0
4606139201	0
4606144611	0
4606312010	0
4606317102	0
4606441400	0
4606501408	0
4606555810	0
4606841508	1
4606942913	0
4607081006	0
4607421307	0
4607846003	1
4607898304	1
4608360708	1
4608457809	1
4608549807	1
4608816814	1
4609095508	0
4609447208	1
4609615706	0
4624560710	0
4609741512	1
4610155808	0
4610764814	0
4611143208	0
4611478402	0
4611537403	1
4611842603	0
4612232004	0
4612346810	0
4613224205	0
4613656800	0
4614442110	1
4614653807	0
4614716607	0
4615066711	1
4615376910	1
4616419307	1
4617193711	1
4617574807	1
4618036005	1
4619101114	0
4619423514	0
4621763210	0
4621917400	0
4622116701	0
4622281813	0
4622321903	0
4622426006	1
4622760506	1
4622924612	0
4623301909	1
4623615604	0
4623761414	0
4624252302	1
4624490304	0
4624560710	0
4625723301	0
4625995407	0
4626308802	0
4626493510	0
4626599508	0
4626741101	0
26777628206	0
4627113502	0
26777628206	1
4627535812	1
4627643705	1
4627668406	0
4627695801	1
4627855608	0
4628013904	1
4628288606	1
4628995610	0
4629489107	0
4629587412	0
4629664403	0
4629724907	0
4629771106	0
4629804812	0
4629842502	0
4629968205	0
4630139509	0
4630358708	1
4630471202	0
4630524705	0
4630926807	0
4631011308	0
4631046403	0
4631357410	0
4634632011	0
4641020212	0
5833848506	0
4631452708	0
4631562413	0
4631607800	0
4631634308	0
4631650614	0
4631683001	0
4632864902	0
4632993704	1
4633024813	0
4633181914	0
4633184807	0
4641020212	0
4633301603	0
4633486014	0
4633527914	0
4633535912	0
4633654508	1
4633907808	1
4634115107	0
4634297705	0
4634548701	0
4634632011	0
4634724605	0
4634748508	0
4634761610	0
4634889712	0
4634913812	0
4635096811	0
4635214108	0
4635366510	1
4635483702	0
4635508501	0
4635818603	1
4636000104	1
4636047505	0
4636313308	1
4636707700	0
4636842600	0
4636934103	0
4637137312	0
4637296114	0
4637380302	0
4637445009	0
4637848211	1
4637860407	0
4638002906	0
4638034201	0
4638119303	0
4638344207	0
4638449804	0
4638407314	0
4638449804	0
4638639913	1
4638657914	0
4638813206	0
4638971012	0
4639591600	0
4640288010	1
4640295903	0
4640535607	0
4640599005	1
4640685406	0
4640769909	0
4640805009	0
4640980403	1
4641020212	0
4641266508	0
4641561714	1
4641673310	1
4641879702	0
4642321309	1
4642564602	0
4642643805	0
4642651311	0
4642768403	0
4642893308	0
4643179804	0
4643312910	1
4643513211	0
4644165306	1
4644437002	0
4644548302	1
4644675803	0
4645043210	0
4645493513	1
4646309712	1
4646394707	0
4646881414	0
4646887504	0
4647040003	0
4647402911	0
4647616313	1
4648213402	1
4651060209	0
4651281114	1
4651289300	0
4651303602	0
4651413206	0
4651427806	0
4651598013	0
4651602301	0
4651729508	0
4651895711	1
4652107807	1
4652567110	1
4653005805	1
4653538813	1
4654807109	1
4655124014	0
4655397102	1
4655568904	1
4655784411	1
4655842201	0
4655932005	0
4655961512	0
4655966606	0
4656013613	0
4656075308	0
4656186212	0
4656440506	0
4656447400	0
4656548506	0
4656548613	0
4656779212	1
4656779413	0
4656782110	0
4656837005	0
4656929103	0
4657158102	0
4657250812	0
4663285106	1
4661659102	1
4662132305	1
4662204207	0
4662233408	1
4662407808	1
4662620509	0
4662572812	0
4662783908	1
4662822310	0
4663037704	0
4663079812	1
4663285106	0
4663680404	1
4663710405	0
4663907708	1
4664243400	1
4664305504	1
4664536304	1
4664885508	1
4664972810	1
4665021714	0
4783303710	0
4665525500	0
5893376111	0
4665597902	0
4665639604	0
4665643511	1
4665817105	0
4666823906	0
4666871713	0
4667135406	0
4667290906	0
4667346802	0
4667539610	0
4667547709	0
4668992911	1
4669101211	0
4670264600	0
4670536203	0
4671338209	1
4671604212	0
4671911806	0
4672022707	1
4672064400	0
4698520114	0
4698720610	0
4699025506	0
4699555806	0
4699733511	0
4699782814	0
4700138903	0
4700178912	0
4700189010	1
4706583810	0
4700786104	1
4706583810	1
4700959701	0
4701283009	1
4701440702	0
4701487600	1
4701691506	1
4701904810	1
4701939210	0
4702117913	0
4702147507	0
4702555100	0
4702949011	1
4703477008	0
4703628504	0
4703854602	0
4703854602	0
4703991506	0
4704442903	1
4704494610	0
4704826807	0
4705278507	0
4705875706	0
4706138801	1
4706246200	0
4706248500	0
4706356010	1
4706618706	1
4706797509	0
4706879307	0
4707057203	0
4707525901	0
4707617204	0
4707726200	0
4707779209	0
4707874511	0
4708365514	1
4708432814	1
4708729609	1
4709276314	1
4709551311	1
4709649601	0
4709649601	0
4719968409	0
4710840400	0
4710897204	0
4711058705	0
4711169910	0
4711173807	0
4711267000	0
4711462807	0
4711920305	1
4711959606	1
4712067202	1
4712231711	1
4712317903	1
4712319500	0
4712596006	0
4712694701	1
4712710911	1
4712779205	1
4712943804	0
4713193211	0
4713206504	0
4713216812	1
4713334509	1
4713446406	1
4713517101	0
4713540400	0
4713763607	0
4713860206	1
4713980409	1
4714185809	0
4714278503	0
4714579010	1
4715238404	1
4715479301	1
4715578610	1
4715692911	1
4715955511	0
4716174203	1
4716295703	0
4716397214	1
4716609909	1
4716850805	0
4717039201	1
4717101100	1
4717111110	0
4717210411	0
4717409609	0
4717831012	0
4717912206	1
4717931607	1
4718186209	1
4718277900	1
4718306907	0
4719582006	0
4719846606	0
4719912302	1
4719968409	0
4720221812	1
4720579514	1
4720839202	1
4726525901	0
4721269211	1
4721272907	0
4721752412	1
4722342400	0
4722639014	0
4722667606	0
4722864806	0
4723331411	1
4723478600	1
4723482804	0
4723495403	0
4723857913	1
4724200212	1
4724286013	1
4724572808	1
4724605713	1
4724871712	0
4725037209	0
4725048412	0
4725160104	0
4725290100	0
4725607706	0
4725649700	0
4725883405	0
4727311812	1
4727416508	1
4730366601	0
4727723101	0
4727850713	0
4728060702	0
4728065300	0
4728068612	0
4728687812	0
4729081102	1
4729252409	0
4729449313	0
4729695703	1
4729711612	0
4730366601	0
4731395407	1
4731698511	0
4731863611	0
4732369811	1
4732445701	0
4732734413	1
4732887912	0
4733354205	1
4735019104	0
4735398612	1
4735503611	1
4735578413	0
4736040811	1
4736165614	0
4736183610	0
4736488206	0
4736583714	0
4737286701	1
4737477110	0
4738143601	0
4738307807	0
4738334614	0
4738492511	1
4738754911	0
26677112609	0
4738987002	1
4739181606	0
4739416506	0
4739671300	0
4740263512	1
4740362009	1
4740656703	1
4741083707	1
4741258205	1
4741454310	0
4741505309	0
4741723705	0
4741745808	0
4741795612	1
4741824211	0
4741964201	0
4742144413	1
4742420003	0
4742944810	1
4742967103	0
4743166510	1
4743346613	0
4743577700	0
4744250514	0
4744301214	1
4744340709	0
4744349204	0
4744359214	1
4746192108	0
4746323003	0
4746397013	1
4746430004	1
4746624906	0
4746688510	0
4746865300	0
4746989800	0
4747137607	0
4747237213	1
4747412603	0
4747488106	0
4747510313	0
4747686008	0
4748036703	0
4748069412	0
4748240605	0
4748496005	0
4748984207	1
4749022601	1
4749352001	0
4749404803	0
4749461303	0
4749597405	0
4749597405	0
4749790208	1
4750339406	0
4753918813	1
4754025808	1
4754250607	0
4754265902	0
4754309013	0
4754379509	0
4754734706	0
4755227604	0
4755556000	0
4755825209	0
4755845812	0
4756256904	0
4756338512	0
4756526806	0
4756535913	0
4757548604	0
4758127011	0
4758757504	0
4759156812	0
4759301906	0
4759475000	0
4759932601	0
4759995009	0
4760551008	1
4760747100	0
4760793812	0
4761051901	0
4761064312	0
4761591602	1
4762224611	1
4762367914	0
4767368006	0
26777628206	0
4767415306	0
4767570414	1
4768431410	0
4768495511	0
4769136805	0
4774969809	0
4775781511	1
4775903010	1
4776058205	0
4776165108	0
4776253511	0
4776413407	0
4776680802	1
4776755513	1
4777084200	0
4777973305	1
4778234701	0
4778560807	1
4779154012	1
4779616709	1
4780307412	1
4780582511	1
4784666602	0
4785055210	1
4785579212	1
4785626505	1
4786269900	1
4786328102	0
4786884807	1
4787342712	1
4787759313	1
4788274405	0
4788343108	0
4793017700	1
4793340601	0
4793803501	1
4793908314	0
4794471112	1
4794502400	0
4795491406	1
4795611907	0
4795970211	1
4796116408	1
4796286411	0
11684175801	1
4796769902	0
4797148304	0
4797392202	1
4807831709	1
4798481902	1
4810454813	1
4798481902	1
4799030109	1
4799383213	1
4799435906	1
4799465013	0
4799736702	1
4799912413	0
4800105411	0
4800212503	0
4800271703	0
4800667912	0
4800797313	0
4801000311	0
4801038014	0
4801144511	0
4801248708	0
4801301511	0
4801447106	0
4801948209	0
4801988301	0
4801988613	0
4801988810	0
4802354903	0
4803092603	0
4802607405	0
4802622205	0
4802650513	0
4802687012	0
4802688104	0
4802699208	0
4802724601	0
4802800610	0
4806611611	0
4802864914	0
4803026600	0
4803092603	0
4806611611	0
4803092603	0
4803214606	1
4803235711	0
4803257909	0
4803317606	0
4803588706	0
4803603911	0
4803922010	0
4803950303	0
4803950501	0
4803993203	0
4804207907	0
4804487604	1
4804849701	1
4807204007	0
4807277001	0
4807314614	0
4807557301	0
4807691001	0
4807824205	1
4807844201	1
4808045604	1
4808176305	0
4808620003	0
4808751800	1
4808777801	1
4808847006	0
4808920202	0
4808945800	0
4808947602	0
4808967204	0
4809079811	0
4809158403	0
4809184106	0
4809331005	0
4809352206	0
4809386607	0
4809425809	1
4809452004	0
4809501704	1
4809683314	0
4809956308	0
4810897613	0
4811030402	1
4811355400	0
4811588313	1
4811677809	0
4811890505	0
4812022703	1
4812247600	1
4812493714	1
4812604309	1
4812950000	1
4813317712	1
4813348903	0
4813434507	0
4814083513	0
4814217206	0
4814412306	1
4063561008	1
4064097801	1
4066630902	1
4066949107	1
4067747404	1
4068176602	1
1910659503	1
1912823102	1
4068486611	1
2017367203	1
2019413203	1
4068793301	1
4069396809	1
2022300803	1
3677123811	1
4069926002	1
4070428512	1
4073488308	1
4074437808	1
4075795802	1
4077771800	1
4078195804	1
4078511606	1
4078868500	1
4080253109	1
4080537500	1
4081261807	1
4082548709	1
4083001406	1
4083696105	1
4084559909	1
4084973314	1
4086171811	1
3680445400	1
3681132803	1
3681887406	1
3682129801	1
3684129407	1
3685420112	1
3686751301	1
3687507511	1
3689094409	1
3689611105	1
3691758613	1
3693053812	1
3693761702	1
3694402205	1
3695331304	1
3695985706	1
3696469210	1
3696960310	1
3698405201	1
3698913506	1
3700429610	1
3701131509	1
3701697706	1
3702670105	1
3702986700	1
4086756407	1
4087509805	1
3703776008	1
4087616608	1
4088482908	1
4089721414	1
3704931101	1
4089781307	1
4090055006	1
4091174402	1
4092428910	1
3706693013	1
3707069506	1
3708853202	1
4097784407	1
4099312511	1
3710551711	1
3710747105	1
4100442104	1
4101511101	1
4102534007	1
3711044605	1
3711363805	1
4102853105	1
4103614910	1
4104741800	1
4106104112	1
3711923905	1
4108525114	1
3713557214	1
3713550713	1
3714539712	1
3714029412	1
4112711902	1
3714184800	1
4116870504	1
3717441706	1
4127104006	1
4128317608	1
4129005214	1
4129708105	1
4131236807	1
4133099412	1
2042612700	1
2044375803	1
2047671002	1
4135450908	1
4136518202	1
4137451905	1
4138401408	1
4138681600	1
4139646609	1
4139998702	1
4140854500	1
4142258601	1
4624560710	1
4145098202	1
4146280704	1
4148053600	1
4148750302	1
4150576513	1
4151895812	1
4152540506	1
4152787009	1
4153323412	1
4153793413	1
4154262009	1
3719682512	1
3720173007	1
3720468614	1
4156077012	1
4156707013	1
4157337913	1
3720507604	1
3721175311	1
11595650811	1
3724142507	1
4160064002	1
4162405005	1
3728109007	1
3728783313	1
3730455914	1
4162803706	1
4163337407	1
4164665200	1
3732990706	1
3733472202	1
4165471103	1
4166951710	1
4167625413	1
4169013713	1
3734415104	1
3734826001	1
4169249106	1
4170330807	1
3735043814	1
3735341414	1
4171734509	1
3735992200	1
3736623805	1
4173671806	1
4174322702	1
4175393413	1
3737795813	1
3738564906	1
3739630802	1
3740048902	1
4175926311	1
4177056904	1
4177917310	1
4295367403	1
4295514303	1
3741094011	1
3742000813	1
4296522409	1
4296965308	1
4297424811	1
3743280909	1
3743739810	1
4298059309	1
4299362402	1
3745852008	1
3747031009	1
4301813505	1
4304111502	1
4304822709	1
4305642010	1
3748849800	1
3750155906	1
3750682801	1
3751862101	1
4306568703	1
4306774612	1
4306898807	1
3754654307	1
3670420609	1
3757316107	1
3758934211	1
3760689406	1
3761530800	1
3763474308	1
4313078007	1
4321577701	1
4314140612	1
3764553107	1
3766306405	1
4314658112	1
3768051102	1
3770117502	1
3771424903	1
4318187305	1
3772551901	1
4318877109	1
4319038001	1
4319722603	1
4321117302	1
3774368704	1
3776678612	1
4323423108	1
3781919501	1
3784539411	1
3792142107	1
3793132714	1
4328631603	1
4328910405	1
4329440105	1
3795812906	1
3796853014	1
3797301405	1
3800152200	1
4329792013	1
4330275604	1
4331631106	1
3803969611	1
3805543501	1
3805829611	1
4333147708	1
3807121014	1
3808473206	1
4334093809	1
4334789803	1
4336309611	1
3811211807	1
3811545010	1
3812682208	1
3813383801	1
4339430000	1
4339802904	1
3814538609	1
3816877713	1
4340733113	1
4341491009	1
4341998704	1
4342417014	1
3819975604	1
3820776603	1
4342728701	1
4343190414	1
3821139608	1
3822686604	1
3823074003	1
11684175801	1
4344446510	1
3823373211	1
3823793105	1
3824427910	1
4166103505	1
3827137005	1
3830764201	1
3832285409	1
4347427413	1
4347830902	1
4348101507	1
4348879100	1
3833284201	1
4351017601	1
4351280313	1
3838275309	1
3839406513	1
3841182107	1
3842302507	1
4354208507	1
4355038404	1
3842612012	1
3843261900	1
4355655913	1
4356494310	1
3843561013	1
3845053214	1
3845704709	1
3846356602	1
3846864102	1
4358364601	1
4359024909	1
4361311400	1
3850598009	1
4362572201	1
3850839904	1
3852258402	1
3853469002	1
3854307511	1
4366208606	1
4366769702	1
4367051114	1
4367281808	1
3855921304	1
3856497309	1
4367450700	1
4368247210	1
3859554008	1
3861416801	1
3862111708	1
3862506001	1
3863858206	1
3864663409	1
4370588309	1
4371298804	1
4371581711	1
4371981106	1
3865180510	1
3865583501	1
3866124700	1
3866298001	1
3867339708	1
4374158906	1
4374444600	1
3867817114	1
3868222107	1
3868680606	1
3869878406	1
3870612604	1
4375819503	1
3871029206	1
3871720803	1
4376553105	1
4376856614	1
3872362009	1
3872941402	1
4377717703	1
4377901003	1
3873158101	1
3874116012	1
3874347704	1
3874749000	1
4383490304	1
4384827410	1
3877584002	1
3878491204	1
3879583310	1
3880453802	1
3882716803	1
3884708300	1
4393036509	1
3885744802	1
4393530506	1
4394216714	1
3887116410	1
3887499011	1
3888151107	1
4397094107	1
4397689606	1
27472313339	1
4398706309	1
4399070902	1
3889803111	1
3891196304	1
3891693602	1
4399848602	1
4401283112	1
4403125614	1
4403636901	1
3892041202	1
4404583808	1
4405175807	1
4405360112	1
4405835900	1
3894902611	1
3896258004	1
4410838712	1
4411205603	1
4412305414	1
3898309911	1
3899543900	1
2026764500	1
2028229600	1
4415954212	1
4417340506	1
4423363308	1
4424494107	1
4426350606	1
4428035110	1
3900191007	1
3902148500	1
3902745508	1
4431017208	1
4432054902	1
3905675000	1
3906473806	1
3907860007	1
3908796509	1
3909877403	1
4432764101	1
3910663502	1
3912187809	1
3913606107	1
3914827213	1
4624560710	1
3916850207	1
3917665113	1
3918192405	1
3918524800	1
3919084002	1
3919664405	1
3920076311	1
3923107805	1
3923789506	1
3926162604	1
3928276400	1
3935210913	1
3935755014	1
3937273901	1
4436851601	1
4437188114	1
3939284406	1
3939894211	1
4437524401	1
4440739100	1
3940739409	1
4441539111	1
3942687614	1
3944777704	1
4442863605	1
4443648304	1
3948991704	1
3951248808	1
3951936203	1
4445251904	1
4445691808	1
3954170509	1
3955710301	1
4446141906	1
3955868606	1
3957010203	1
4447450202	1
3959301505	1
3960311008	1
3963338505	1
3964167300	1
3966104708	1
3967184214	1
3973344206	1
3975282614	1
3976559002	1
4448819102	1
4449217913	1
3978194902	1
3978570900	1
4450004809	1
4450878307	1
3978824110	1
3979470014	1
3981030303	1
3981707709	1
3982445103	1
4455101111	1
4455931312	1
3983274212	1
3983933313	1
3985240211	1
3985890707	1
3986736503	1
3987216913	1
3988851212	1
3989436910	1
4459374106	1
4460982214	1
3990354913	1
3991481513	1
4464314607	1
4465225504	1
3993027504	1
3994943803	1
4466585806	1
4468128511	1
3996468505	1
4468772314	1
4469987105	1
4470230513	1
3998748706	1
3999936100	1
4471429405	1
4000855805	1
4001540606	1
4002805307	1
4004434114	1
4006518901	1
4007661902	1
4009495610	1
4010515208	1
4012548706	1
4012842705	1
4014004806	1
4014810706	1
4016909301	1
4018937206	1
4019254603	1
4019896106	1
4020911211	1
4022096500	1
4022933500	1
4026706902	1
4027517000	1
4028181409	1
4028652607	1
4028896511	1
4030706403	1
4031804912	1
4473631701	1
4474439509	1
4475103910	1
4476104711	1
4477243309	1
4477851814	1
4032549609	1
4478298013	1
4478608003	1
4033511305	1
4034089104	1
4479471701	1
4034349809	1
4035359813	1
4035629506	1
4480707400	1
4481243110	1
4481506204	1
4036710812	1
4037540914	1
4038161701	1
4482466001	1
4483891803	1
4038481210	1
4040017100	1
4484397406	1
4485016013	1
4485324500	1
4040807607	1
4485386805	1
4486076802	1
4486962100	1
4041661204	1
4042525801	1
4487156614	1
4487801313	1
4043444906	1
4044723313	1
4046740113	1
4489234401	1
4489961914	1
4490646307	1
4491912506	1
4492917810	1
4052868811	1
4493411507	1
4493870712	1
4494322404	1
4054185103	1
4495003013	1
4055422900	1
4055718713	1
4056502803	1
4497223904	1
4057229510	1
4057899601	1
4058485709	1
4061546210	1
4062311310	1
4062740209	1
4499171404	1
4499531404	1
4499655414	1
4500309802	1
4500497811	1
4500876301	1
4501329700	1
4502520214	1
4503101711	1
4503513912	1
4503746105	1
4504319212	1
4505012911	1
4505452607	1
4505893204	1
4507906912	1
4508981004	1
2051632002	1
2054071703	1
2057615203	1
4511749206	1
4512275111	1
4513492303	1
4514178103	1
4515117809	1
4515614906	1
4516172803	1
4518067807	1
4519331503	1
4521108901	1
4522455011	1
4524934800	1
4525632506	1
4526978805	1
4528100912	1
4528666003	1
4528868603	1
4529306304	1
4530118710	1
4531668914	1
4532588112	1
4533937714	1
4534394704	1
4534616112	1
4535032105	1
4536339605	1
4537623800	1
4538359306	1
4538839713	1
4539558314	1
4540029413	1
4540723209	1
4541133201	1
4541839209	1
4544649701	1
4545354609	1
2874199707	1
4548322109	1
4550030806	1
4553131500	1
4553781407	1
4559857002	1
4560529708	1
4560916001	1
4577819900	1
4562952401	1
4565412401	1
4567697212	1
4568793005	1
4570628208	1
4572377711	1
4572937712	1
4575568308	1
4576866710	1
4578427806	1
4578997405	1
4579567506	1
4581444105	1
4582993102	1
4583867414	1
4584081911	1
4585345111	1
4589299512	1
4591212102	1
4592856003	1
4594556313	1
4594813709	1
4596533900	1
4598367107	1
4602315210	1
4602970712	1
4604177101	1
4604465603	1
4605356600	1
4605815909	1
4606924812	1
4607870300	1
4608451010	1
4608658212	1
4609379607	1
4609715213	1
4610810908	1
4611486908	1
4611925313	1
4613486011	1
4614596712	1
4615311504	1
4617056500	1
4617736014	1
4619280207	1
4622565208	1
4623331813	1
4624985401	1
4626227213	1
4627249910	1
4627589709	1
4627758504	1
4628044203	1
4629560809	1
4630289207	1
4631385306	1
4632966011	1
4633280909	1
4633907305	1
4634421002	1
4635245507	1
4635838910	1
4636668806	1
4636974609	1
4638521303	1
4638965412	1
4640285604	1
4640559310	1
4640791000	1
4641172209	1
4641656806	1
4642419007	1
4643346714	1
4644196004	1
4644674402	1
4645267502	1
4646445105	1
4647558207	1
4651102601	1
4651997408	1
4652574407	1
4654729312	1
4655350605	1
4655662907	1
4656578709	1
4661638911	1
4662045814	1
4662331600	1
4662783908	1
4663096306	1
4663814111	1
4664297204	1
4664784101	1
4665181211	1
4665643104	1
4667072503	1
4667376109	1
4670173801	1
4670751009	1
4672307512	1
4698932907	1
4699874508	1
4700779606	1
4700899612	1
4701359904	1
4706827512	1
4702734109	1
4704081807	1
4705967711	1
4706583810	1
4706827512	1
4707516303	1
4707727111	1
4708013909	1
4708462502	1
4709335305	1
4711042906	1
4711931110	1
4712215908	1
4712680904	1
4712711703	1
4713206702	1
4713336209	1
4713616400	1
4713928103	1
4714500000	1
4715469102	1
4715587300	1
4716220613	1
4716498803	1
4716876513	1
4717486411	1
4717912206	1
4718273812	1
4719867500	1
4720254012	1
4720929609	1
4721374711	1
4722935113	1
4723782205	1
4724214808	1
4724584611	1
4724944307	1
4727242603	1
4727586308	1
4727965102	1
4728992002	1
4729302809	1
4730402705	1
4731722111	1
4732719011	1
4733124008	1
4735273205	1
4735716902	1
4737067601	1
4738205204	1
4738953504	1
4739740905	1
4740604210	1
4741097902	1
4741789605	1
4742585010	1
4743254505	1
4744289202	1
4746023714	1
4746377410	1
4746723006	1
5240562310	1
4749020208	1
4749687306	1
4750355013	1
4754231406	1
4755865609	1
4758014413	1
4761555503	1
4767525607	1
4769246814	1
4775831103	1
4776361500	1
4776691204	1
4777903501	1
4778592606	1
4780227710	1
4784901511	1
4785617806	1
4786612412	1
4787586608	1
4788888704	1
4793843408	1
4795351901	1
4796039300	1
4796569604	1
4797402303	1
4798274007	1
4798833907	1
4807831709	1
4807831709	1
4800481108	1
4801742306	1
4802652109	1
4803207404	1
4803984004	1
4804371801	1
4807831709	1
4807331300	1
4807831709	1
4808624107	1
4809192906	1
4809477206	1
4811000508	1
4811366500	1
4812173813	1
4812580612	1
4813217500	1
4814051011	1
4814312602	1
4063912301	1
4066672913	1
4067850400	1
1911226403	1
4068667305	1
2021968404	1
4069600809	1
4069859712	1
4071216003	1
4074628300	1
4077970104	1
4078578902	1
4080333506	1
4081658408	1
4083251103	1
4084740002	1
4086684106	1
3681887406	1
3682703704	1
3686273411	1
3687729007	1
3690357207	1
3693368803	1
3694769709	1
3696259507	1
3697399811	1
3700156704	1
3701404709	1
3702845605	1
4086970311	1
3704151203	1
4089564004	1
3706033306	1
4091000006	1
3706212312	1
3707414007	1
4098680604	1
3710646913	1
4101031205	1
3710966914	1
3711577909	1
4104516003	1
4106412809	1
3712696806	1
3713616208	1
3715071309	1
3715069711	1
3718731011	1
4128827408	1
4129962812	1
4133416714	1
2046698100	1
4136056600	1
4137967001	1
4139258600	1
4140652808	1
4142672607	1
4145737500	1
4148076710	1
4151472409	1
4152653914	1
4153531907	1
4154823204	1
3720343307	1
4156570409	1
4157603005	1
3721747500	1
4159462603	1
3725800602	1
3730013406	1
4163008508	1
3732256814	1
3733894604	1
4167331606	1
3733952205	1
3734844611	1
3734926408	1
4170825607	1
3736538912	1
4174156910	1
3737652014	1
3739398313	1
4175532009	1
4177583503	1
4295400808	1
3741265905	1
4296832505	1
3742657306	1
4297637403	1
3744107008	1
3747898807	1
4304700711	1
3748182614	1
3750284502	1
3752416002	1
4321577701	1
3755165805	1
3758136602	1
3761468800	1
3763673606	1
4313894201	1
2859038109	1
4321577701	1
3770793902	1
4318729613	1
4318953510	1
4320859211	1
3775407414	1
4326544708	1
3791747106	1
3794598301	1
4329031609	1
3795953709	1
3797983202	1
4330105514	1
4332251913	1
3805669100	1
4333615600	1
3809159602	1
4335149205	1
3811389414	1
3812839503	1
4339495208	1
3816497303	1
4340890913	1
4342037304	1
3820242406	1
4343016809	1
3821274305	1
4343675608	1
4344617605	1
3824323612	1
3826244107	1
3831900509	1
4347555208	1
4348454612	1
3834664412	1
4352010714	1
3840621901	1
4353857703	1
4355060305	1
4355064806	1
3843317200	1
3845565410	1
3846501810	1
4358433505	1
3850231902	1
4364419807	1
3853397305	1
4365593610	1
4366891503	1
3855623501	1
3856663001	1
3859156508	1
3861963102	1
3863627812	1
3864714309	1
4371534109	1
3864802907	1
3865758809	1
3867166606	1
4374269502	1
3868010106	1
3869375613	1
4375792209	1
3871694508	1
4376600510	1
3872506302	1
4377847107	1
3873609908	1
3874528506	1
4384527010	1
3877956211	1
3879767200	1
3884070102	1
4393404802	1
4393879903	1
3887270105	1
4396427411	1
4397931804	1
4398885113	1
3890689903	1
4399639010	1
4402338110	1
3891821801	1
4404763400	1
4405828902	1
3895571411	1
4410904908	1
3898069204	1
2025731804	1
4415796108	1
4417723909	1
4425864202	1
3900047211	1
3902539307	1
4431561113	1
3906051508	1
3908420204	1
3910264501	1
3910854410	1
3914091512	1
3916363206	1
3917848110	1
3918913707	1
3919793514	1
3923552101	1
3927161705	1
3935688204	1
3937536106	1
3938461902	1
3940502410	1
4441195008	1
4441935611	1
4442745903	1
4443961901	1
3951479108	1
4445603113	1
3955462301	1
4446571103	1
3957894210	1
3960128807	1
3963969307	1
3966520001	1
3973615903	1
3977326101	1
4449459303	1
4449650206	1
3978708705	1
3980018803	1
3982357509	1
4455672011	1
3983712613	1
3985700810	1
3986926912	1
3989180712	1
4459775011	1
3990740908	1
4464858014	1
3994455308	1
4466871606	1
3996703305	1
4470159108	1
3999344504	1
4472107010	1
4002368412	1
4005258000	1
4008106101	1
4011031212	1
4013771213	1
4015721201	1
4019122107	1
4020670214	1
4022504109	1
4972236702	1
4028579014	1
4767192009	1
4031870211	1
4474784209	1
4476883302	1
4032495706	1
4478460202	1
4033837602	1
4479662411	1
4035417810	1
4481153707	1
4481747506	1
4037973006	1
4483425509	1
4039451609	1
4484602613	1
4040687601	1
4485871212	1
4041277305	1
4487136808	1
4488376213	1
4046034203	1
4489590713	1
4515760605	1
4051829502	1
4493645003	1
4053688501	1
4495616913	1
4056126114	1
4497559511	1
4058428802	1
4061758707	1
4499117302	1
4499536004	1
4500325411	1
4501167803	1
4502700712	1
4503626708	1
4504910004	1
4505580003	1
4508325706	1
2053094803	1
4511584801	1
4512969309	1
4514443509	1
4515760605	1
4518728711	1
4522006603	1
4525214506	1
4527624813	1
4528769509	1
4529810403	1
4532222702	1
4534288005	1
4534710500	1
4537344706	1
4538584811	1
4539745907	1
4540893701	1
4542848012	1
4546001412	1
4548447706	1
4553692200	1
4560102206	1
4562316500	1
4565294207	1
4568506702	1
4571404903	1
4573386501	1
4577058601	1
4579178714	1
4582247003	1
4583990810	1
4588961512	1
4592190402	1
4594613008	1
4597413412	1
4602671012	1
4604250800	1
4605519812	1
4607707014	1
4608519702	1
4609554612	1
4611456313	1
4613072205	1
4614733005	1
4617267204	1
4622384912	1
4624089010	1
4627073902	1
4627682201	1
4629469314	1
4630688209	1
4633011213	1
4633924514	1
4635787009	1
4636806708	1
4638725806	1
4640386009	1
4640956008	1
4642107504	1
4643995714	1
4644680506	1
4646898309	1
4651862314	1
4653253010	1
4655419010	1
4658245903	1
4662209312	1
4662942101	1
4664148209	1
4664910210	1
4665753914	1
4668791200	1
4671920113	1
4699196009	1
4716220613	1
4701467709	1
4703334102	1
4706293108	1
4706980900	1
4707799304	1
4709275607	1
4711904805	1
4712278511	1
4713088902	1
4713497303	1
4714146406	1
7494721602	1
4716319309	1
4717046301	1
4717941002	1
4720129508	1
4721206501	1
4723472902	1
4724303606	1
4725167014	1
4727700406	1
4729097800	1
4731633910	1
4732852301	1
4735471408	1
4737655604	1
4739612502	1
4741064312	1
4742128309	1
4743570612	1
4746279407	1
4747168911	1
4749226807	1
4754023600	1
4756447612	1
4761868913	1
4775037307	1
4776596210	1
4778314603	1
4780465309	1
4786001800	1
4788258210	1
4794331510	1
4796247710	1
4797806214	1
4799334511	1
4800120109	1
4802254706	1
4803949705	1
4804577508	1
4807767101	1
4808759301	1
4809821312	1
4811935701	1
4812674102	1
4814093314	1
4064279613	1
4068310306	1
2017992501	1
2023192903	1
3644630507	1
4078360503	1
4081019911	1
4083980811	1
3680750207	1
3684664704	1
3689319311	1
3694155406	1
3696733611	1
3700887800	1
3703241606	1
4087661803	1
4089510207	1
3706993109	1
4099583706	1
4101581208	1
4103273914	1
4107420213	1
3713860505	1
4120761905	1
4624560710	1
2043255001	1
4136545003	1
4139801011	1
4144831403	1
4149813511	1
4152972312	1
3719830401	1
4156993710	1
3723966711	1
3728664814	1
4163560409	1
4166103505	1
3734576412	1
3735240407	1
3737461403	1
3738444810	1
4176866503	1
4296126811	1
4297171212	1
4298699104	1
4302923609	1
3749135801	1
4321577701	1
3755609609	1
3762632400	1
3764342211	1
3768720703	1
4318772511	1
4322103512	1
3783354112	1
4328843402	1
3796952306	1
4330944213	1
4333147708	1
4334452805	1
3812149210	1
4340087312	1
4341771707	1
4342628412	1
8088576102	1
3823698411	1
3829934011	1
4347985113	1
4351059214	1
3841616713	1
3843091112	1
3844276514	1
4358231114	1
4361926713	1
3854128913	1
4367082214	1
4368063503	1
3862239807	1
4371177014	1
3865229711	1
4374018007	1
3868324500	1
4375974405	1
4377312909	1
4378340100	1
3874946408	1
3879070508	1
4435852003	1
4394477813	1
4397315412	1
4399535908	1
4400098001	1
3892917806	1
3894154300	1
4411452103	1
2027440702	1
4424309303	1
3901250402	1
4432410810	1
3909453312	1
3912679213	1
3917618711	1
3919459308	1
3924270610	1
3935789101	1
3939488005	1
3941097206	1
4443484504	1
3952889512	1
4445935810	1
3958615501	1
3964547802	1
3975885509	1
3978388206	1
3979386105	1
4454225407	1
3984766711	1
3987512205	1
3990070500	1
3992147408	1
4468538708	1
3997707200	1
4001445213	1
4006949808	1
4012659710	1
3644630507	1
4021182408	1
4027605703	1
4031281102	1
4475735406	1
4032719609	1
4478959813	1
4480403901	1
4037334701	1
4484326201	1
4485156904	1
4486391312	1
4487313114	1
4047912702	1
4492298012	1
4494043912	1
4055534706	1
4057462609	1
4062496003	1
4500002907	1
4501664404	1
4515760605	1
4507238901	1
2056562803	1
4513968907	1
4517229100	1
4522910108	1
4528412403	1
4530282905	1
4534599100	1
4537761713	1
4540634013	1
4545266310	1
4550797702	1
4560671408	1
4567033211	1
4572708105	1
4578726412	1
4583502713	1
4590976710	1
4595249302	1
4603920803	1
4606571710	1
4608966812	1
4611623600	1
4615697103	1
4623083314	1
4627514107	1
4629901109	1
4633620405	1
4636168403	1
4639154310	1
4641520012	1
4644450200	1
4648001506	1
4654899002	1
4661947513	1
4663601509	1
4665315105	1
4670336313	1
4700184114	1
4701734713	1
4706655210	1
4708392309	1
4711999305	1
4713246604	1
4714992302	1
4716805901	1
4718282009	1
4722479712	1
4724651500	1
4730366601	1
4732173401	1
4736064704	1
4740292806	1
4742981303	1
4746398900	1
4750199007	1
4760478903	1
4776098108	1
4779371102	1
4787177600	1
4795819611	1
4807831709	1
4801392604	1
4804108101	1
4807953707	1
4811228005	1
4813405606	1
4067007308	1
4069009308	1
4076360514	1
4515760605	1
3681897500	1
3692125314	1
3698710008	1
3703243208	1
4091510609	1
3710783012	1
4105779810	1
4114116802	1
4131332004	1
4138501000	1
4147909112	1
4153869114	1
3720825812	1
3730574110	1
4168647302	1
3735541308	1
3644630507	1
3742024711	1
3746789400	1
3751113813	1
3759021507	1
4314353109	1
4319062408	1
3792483705	1
4329607604	1
3807490410	1
4338577711	1
4524676202	1
4344199210	1
3832563813	1
3838979804	1
4356039202	1
4359292105	1
4366736901	1
3860110912	1
4371723706	1
4374606012	1
3871810411	1
3874212805	1
3882079809	1
3887682311	1
3891609814	1
4405332305	1
3898543603	1
4426657909	1
3906694500	1
3915339712	1
3922395414	1
4437113713	1
3944332204	1
3953328802	1
3962569306	1
4449149608	1
3981588413	1
3644630507	1
4464123603	1
4469298613	1
4003292202	1
4014201810	1
4023969314	1
4473985907	1
4478769311	1
4481265102	1
4040244708	1
4042084704	1
4490315510	1
4054739508	1
4059799110	1
4500830008	1
4505256612	1
4512124303	1
4520420902	1
5150877506	1
4535432505	1
4541394214	1
4554053502	1
4570137502	1
4580879100	1
4593605300	1
4605269305	1
4610324503	1
4618653712	1
4627904112	1
4634760304	1
4640631011	1
4646151808	1
4656342505	1
4664306002	1
4698612501	1
4704908211	1
4710672608	1
4713839407	1
4717868308	1
4734030408	1
4729460205	1
4738357102	1
4744355313	1
4755526304	1
4776942603	1
4793742107	1
4807831709	1
4807278114	1
4812271600	1
4068458402	1
4080055602	1
3686955000	1
3702332600	1
3710492201	1
3713360905	1
4134880803	1
4151998210	1
4161443508	1
4170287011	1
4178186900	1
4305337804	1
4313127104	1
4323306801	1
3804789103	1
4340327509	1
3825348204	1
4354833114	1
3851621204	1
3864198114	1
3870447502	1
4385279509	1
4398469713	1
3896795113	1
4430701003	1
3918446804	1
4439113701	1
3956318903	1
4450640111	1
4459001912	1
4470994504	1
4019387711	1
4477720407	1
4482127409	1
4044158014	1
4496423800	1
4515760605	1
4515411704	1
4533635808	1
4547804700	1
4575727908	1
4601142204	1
4613713202	1
4632577301	1
4643215006	1
4662417707	1
4701018212	1
4712707603	1
4720831403	1
4734926706	1
4748719511	1
4785461511	1
4802710100	1
4062846600	1
4086053214	1
3704687400	1
4127290806	1
4155947511	1
4174555602	1
3754562513	1
3795135905	1
4343518405	1
3845813414	1
3559289903	1
8833699308	1
4416378002	1
3929350312	1
3969626708	1
3995872203	1
4028759105	1
4040982610	1
4499331509	1
4526739208	1
4577819900	1
4622116701	1
4637461509	1
4667245208	1
4715975600	1
4741401714	1
4797347202	1
4070263106	1
3711195205	1
3733228912	1
4317760800	1
4349921111	1
4377362909	1
4433092111	1
4456100614	1
4034857010	1
4509176806	1
4584372810	1
4652197012	1
4727412309	1
4809414514	1
4141578206	1
3809812004	1
4403443912	1
4010198702	1
4539278812	1
4707556310	1
3695471206	1
3856293600	1
4053373910	1
4768214112	1
3950814404	1
3743344807	1
4625766602	1
