4063561008	0
4064097801	1
1911226403	1
1912823102	1
4068486611	1
4068667305	1
2017367203	0
2017992501	1
2019518502	0
2021968404	1
4069414303	0
4069600809	0
2023192903	1
2023366402	1
4069859712	0
4069912413	0
4069926002	0
4070258809	1
4070364800	1
4070428512	0
4070662607	0
4071254101	0
4074628300	0
4076360514	0
4077869514	1
4077970104	1
4078195804	0
4078868500	0
4079131604	0
4080055602	1
4080154206	1
4080333506	1
4080537500	1
4083001406	1
4083696105	0
3680445400	0
3680750207	1
3681897500	1
3682129801	1
3684664704	1
3685420112	1
3685752207	1
3686273411	0
3686504402	0
3686751301	0
3686955000	0
3687632308	1
3687729007	0
3687913301	0
3688159108	1
3688374700	1
3688517804	1
3688871809	1
3689351313	1
3689806703	1
3690357207	0
3692125314	0
3693177505	0
3694155406	1
3694402205	1
3694769709	0
3695471206	0
3696543306	0
3697399811	0
3698467705	1
3698913506	0
3700276813	1
3700429610	0
3700887800	0
3701237009	1
3701404709	1
3701697706	1
3703776008	1
3703783507	0
4087616608	0
4088122702	1
4088645710	1
4089721414	1
3704687400	0
3704931101	0
3706033306	0
3706058901	0
4091111711	1
4091174402	0
4092428910	0
3706212312	0
3706693013	0
3706993109	1
3707096204	1
3708853202	1
3710492201	0
4097784407	1
4098680604	1
4099312511	1
4099577707	0
3710551711	0
3710521810	1
3710646913	1
3710747105	0
3710783012	1
3710792102	0
4100442104	1
4101491602	1
4101511101	1
4101574411	1
4101872100	1
4102534007	1
3710800300	0
3710966914	1
3711118304	1
3711044605	1
3711195205	0
3711363805	1
4102812905	0
4102853105	1
4103269214	0
4103273914	1
4103614910	1
4103653802	1
4104516003	1
4104741800	0
4106412809	1
3711923905	0
3713616208	0
4592233403	0
3714539712	0
3713860505	1
3714029412	1
3715071309	0
4112711902	0
4114116802	1
3714184800	1
3715069711	0
4117013501	1
4120761905	1
3718731011	0
4127104006	1
4127290806	1
4128317608	0
4129005214	0
4129221009	0
4624560710	0
4129708105	1
4133193302	1
2042612700	0
2043255001	1
2043818401	0
2044375803	0
2046457504	1
2047236204	0
2047671002	0
4134578800	1
4767192009	1
4136545003	1
4138401408	0
4138490213	1
4138501505	1
4139646609	1
4624560710	0
4139801011	0
4139882906	1
4140652808	1
4140854500	1
4150648301	1
4151472409	0
4151533114	0
4152540506	0
4152653914	1
4153542014	0
4153793413	0
4153863714	1
4153996013	0
4154262009	1
4154719509	1
3719065603	0
3719830401	1
3720173007	0
3720343307	1
3720468614	0
4155947511	1
4156077012	0
11595650811	1
3724156412	0
4159989211	0
4161227109	1
4162730414	1
3725800602	0
3728109007	1
3728664814	1
3728695405	0
3728783313	0
4162803706	0
4163337407	1
4163528202	1
4164665200	0
3733472202	1
4166103505	1
4166862704	1
4167331606	1
4168647302	0
4168794106	1
4169013713	0
3734380611	0
3734415104	1
3734826001	1
3734836209	1
4169249106	1
4170287011	1
4170424008	1
3734926408	1
3735043814	1
4170825607	1
4173662914	1
4174178812	1
4174322702	0
4175293601	0
3737521304	0
3738444810	1
3738471007	1
3738564906	0
3738918613	0
3739398313	0
3739630802	0
3644630507	0
3740340602	0
4175532009	1
4178186900	0
4178336906	1
4295383800	1
4295400808	1
4295421311	0
4295514303	1
3644630507	0
4296126811	1
4296507803	0
3741094011	0
3741106305	0
3741963808	1
3742000813	1
3742024711	1
4296522409	1
4296695414	1
4296832505	1
4296965308	1
4297171212	1
4297424811	1
3742657306	1
3743640403	1
3743739810	1
4298059309	0
4298699104	0
4298731407	0
3743977508	1
3744535708	1
3745852008	0
4624560710	0
4300969109	0
3747031009	1
3747898807	0
4301813505	0
4302923609	1
4303397513	0
4304111502	0
4304354810	0
4305375404	0
4305642010	1
3748182614	0
3748671214	1
3748849800	0
3749103908	0
3750155906	1
3750263111	1
3750682801	1
3751367509	1
3751862101	0
3754562513	1
3754654307	0
3755165805	1
4312408511	1
3762632400	0
3763474308	0
3763582707	0
3764129812	0
4313078007	1
4313091313	0
4321577701	0
4314353109	1
4314658112	1
4321577701	0
4314993109	0
3769743807	0
3770117502	0
3770204910	0
3770793902	0
4317760800	1
4318729613	1
4318772511	1
4318869909	1
4318886009	1
4319722603	1
4624560710	0
4321117302	1
4321480901	1
4322103512	1
4322235900	1
3774368704	0
3774727404	1
3776678612	1
3776830210	0
4326544708	0
4326683106	1
3782219014	1
3784634806	1
3791747106	0
3792307413	1
3792483705	1
3793050702	0
3794598301	1
4328613507	0
4328631603	1
4328959214	1
4329031609	0
4329371111	0
3795076312	0
3795893600	1
3800152200	1
4329730414	1
4329792013	1
4330105514	0
4330944213	0
4330979709	1
3803736207	1
3804287702	0
3804789103	1
3804805010	1
3805543501	1
3805548011	1
3805669100	1
4332559913	1
4332870407	1
4333615600	1
4333996104	1
4334093809	1
4335149205	0
4335329007	0
3809680410	1
3811282210	1
3813259600	1
4339980506	1
4340279404	0
4340327509	0
4341491009	0
3817620610	1
3644630507	0
3818035104	0
3818407608	0
4342037304	1
4342417014	1
3819975604	1
3820037805	1
3820776603	1
4343006711	1
4343190414	1
4343518405	1
4343632100	0
3821139608	1
3822231211	0
3822715603	0
3822965310	1
11684175801	0
4344180307	1
4344446510	0
4344477006	1
4624560710	0
4344972806	0
4345500211	0
4345784712	0
4166103505	1
3826105704	1
3826244107	1
3827137005	1
3830764201	1
3832563813	0
4347493308	0
4347985113	1
4348028613	1
4348454612	1
4348879100	1
4349668612	1
4349921111	1
3834664412	1
4353145409	1
4353507712	1
3838365602	0
3839406513	1
3840621901	1
3840809705	0
3842052601	0
3842302507	0
4353762211	0
4354194607	0
4354208507	0
4354833114	1
4355038404	1
4355051903	1
3842612012	0
3843091112	1
4355064806	1
4356337512	0
3843317200	1
3843561013	0
3845053214	0
3845299709	1
3846119902	0
3846380008	0
3846501810	0
3846864102	0
4357990514	1
4358345500	0
4358364601	1
4358433505	1
4359292105	1
3850231902	0
4361926713	1
4362572201	1
4363758806	1
4364419807	1
3853397305	1
3853469002	1
3854281905	0
4365593610	1
4366736901	0
4366769702	1
4366891503	1
4367040808	0
4367082214	0
3855641401	1
3855921304	0
3856299704	0
3856497309	1
4367292106	1
4368063503	1
4368247210	1
3862101111	0
3862111708	0
3862185612	1
3863627812	0
3863646002	1
3864397903	1
3864663409	1
3864714309	1
3864728011	1
4371177014	1
4371534109	1
4371581711	1
4371981106	1
3864802907	1
3865189305	0
3865296811	1
3865610512	1
3865758809	0
3866298001	1
3866380000	0
3867166606	1
3867339708	1
4374163508	1
4374269502	1
4374444600	1
4374606012	0
3867538412	0
3867817114	0
3868222107	0
3868324500	1
3868921110	0
3869878406	0
4375831906	1
4375974405	1
3871029206	0
3871694508	1
3871756610	0
3871810411	1
4377312909	1
3872362009	0
3872962305	1
4377362909	0
4377717703	0
4377847107	1
4377868201	1
4377901003	1
4378742101	1
3873609908	1
3874116012	1
3874212805	0
3874347704	0
4384827410	1
6284852306	1
4624560710	0
3877584002	1
3877956211	1
3878042912	1
3879070508	1
3882079809	0
3882716803	0
3883216912	1
3884070102	0
3884368800	1
3884708300	1
4392021205	0
4393036509	1
4393191808	0
4393404802	1
3885220608	1
3885744802	1
4393530506	1
4393879903	1
4394520011	0
3887499011	0
3887528114	0
4396427411	0
4397931804	1
4398218601	1
4398469713	1
4398756512	1
4398918707	0
4399535908	1
3889757414	0
3889803111	1
3890689903	1
3890919307	0
3891196304	0
4403261704	0
4403443912	0
3891821801	1
3892041202	1
3892917806	1
4405005410	0
4405332305	0
4406195403	0
4624560710	0
3893083609	1
3893794403	1
3893843213	0
4407692509	1
4408059703	0
4408137406	0
4410151008	1
3894154300	1
3894902611	0
3895571411	1
3895708902	1
3896258004	0
3896795113	1
4411205603	0
3896930006	1
3898311613	1
4412401312	0
3644630507	0
4624560710	0
2025906404	0
2027440702	1
2028198404	0
4415796108	0
4417723909	0
4428035110	1
2030601202	1
2030609801	1
2036480701	1
3899701802	1
3900706006	1
3901250402	0
3901252300	0
3902745508	1
4431115314	1
4431561113	1
4432054902	0
4432154612	1
3905675000	0
3908420204	1
3908796509	1
3909453312	1
3909877403	0
3909955702	1
4432608800	1
4432764101	1
3910850503	0
3910854410	0
3912679213	1
3913102709	1
3913606107	1
3914091512	0
4624560710	0
3915339712	1
3915390314	1
4624560710	0
3916363206	0
3917625903	1
3917665113	1
4624560710	0
3918442006	1
3918455808	1
4624560710	0
3919459308	0
3920076311	1
3923795712	1
3924270610	1
3926162604	0
3927161705	0
3927361205	1
3928497204	1
3935523707	1
3935688204	1
3935711407	0
3936149212	1
3937184300	1
3937273901	1
4624560710	0
4624560710	0
3937536106	1
4436851601	1
4437113713	1
3938461902	1
3939284406	1
3939894211	1
4437524401	1
4439113701	1
4440739100	1
4440790207	1
3944332204	1
3944398600	0
4443556909	0
4443971413	1
3948991704	1
4444811101	0
3951479108	0
3951636113	1
3951936203	1
3952889512	1
4445251904	0
4445691808	0
3953328802	1
3954170509	0
3955690000	1
3955710301	0
3957010203	0
3957079108	1
3959186913	1
3959301505	1
4624560710	0
3964791503	1
3966104708	1
3967184214	1
4624560710	0
3969626708	1
3973615903	1
3974294305	0
3975885509	1
3976559002	1
3977326101	1
4448819102	0
4449020106	0
4449149608	0
4449217913	0
4449427408	0
4449459303	0
4449886905	0
4450878307	0
4451014309	1
4451058110	1
4451788603	1
4452090300	0
3980018803	1
3981284510	1
3981588413	0
3981618914	0
3981707709	0
3982357509	1
3982445103	1
3983712613	1
3983933313	1
3984693504	1
3985700810	1
3985890707	0
3986050301	0
3644630507	0
3986736503	1
3986828910	1
3987216913	1
4459600106	0
4460982214	1
4464146200	1
4464314607	0
4464858014	1
4465214804	1
4465225504	1
3993027504	1
3993349511	0
3994455308	1
3994905706	0
3994943803	0
3995872203	1
4468538708	1
4624560710	0
3996468505	0
3996700407	0
3996703305	1
4624560710	0
4469298613	0
4469853607	1
4469987105	1
4470159108	0
4470186001	1
3997873510	0
3999344504	1
3999478506	1
4470994504	1
4005143700	1
4008106101	0
4008243406	1
4010198702	0
4010737109	1
4011031212	1
4012548706	1
4012653702	0
4012777001	1
4013870013	1
4014004806	1
4014201810	1
4014810706	1
4016909301	1
4016968809	0
3644630507	0
4019120404	0
4019254603	1
4019382007	1
4019387711	1
4019479105	0
4019896106	1
4020601608	1
4021054508	1
4021205910	1
4022096500	1
4023969314	1
4024130300	1
4026706902	1
4027605703	1
4027836501	1
4028181409	1
4028301007	1
4028652607	1
4028754704	1
4028765603	1
4767192009	1
4030252104	1
4031869913	1
4031870211	0
4032163803	0
4473660213	1
4474032105	0
4474439509	0
4477243309	1
4477851814	0
4478298013	0
4478460202	0
4478608003	1
4478769311	0
4033837602	1
4478959813	1
4479471701	1
4034711514	0
4035105214	0
4035417810	0
4035629506	0
4479972707	1
4479979904	0
4480403901	1
4480707400	1
4481153707	0
4481224201	0
4481243110	0
4481250905	0
4481265102	1
4481462013	1
4481506204	0
4481747506	1
4481752008	0
4036787808	1
4037924208	1
4037973006	0
4038137706	1
4038237408	1
4482127409	1
4482159411	1
4482466001	1
4483425509	0
4483891803	1
4038315211	0
4040144706	1
4484878608	1
4485138804	1
4485156904	0
4486076802	0
4486391312	1
4041277305	1
4041661204	1
8919136511	1
4042616605	0
4487313114	0
4488376213	1
4044158014	1
4044723313	0
4491912506	0
4492298012	1
4051829502	0
4053373910	0
4493411507	1
4493634407	0
4493870712	0
4496423800	0
4497223904	1
4497270905	0
4497559511	0
4057229510	0
4058485709	0
4059799110	1
4061640800	0
4061758707	0
4061803711	1
4062311310	1
4062339603	1
4062496003	1
4062502006	1
4499117302	1
4499171404	0
4499331509	1
4500309802	1
4500375401	1
4500497811	1
4500830008	1
4500876301	0
4501329700	1
4501784808	1
4502520214	1
4503101711	0
4503513912	1
4503626708	1
4503809211	0
4505012911	0
4505580003	1
4507906912	1
4508180613	1
4508325706	1
4508998514	1
2057615203	1
4511309405	1
4511584801	0
4511880414	0
4514178103	1
4514178803	0
4514443509	0
4514586009	1
4515117809	1
4515143710	1
4515411704	1
4515614906	1
4516172803	1
4517229100	1
4518067807	1
4518489202	1
4518728711	0
4520346310	1
4521108901	0
4522006603	1
4522044912	1
4526957901	1
4528406714	1
4528412403	1
4528769509	0
4528950609	0
5150877506	1
4530282905	0
4532588112	1
4533649108	1
4534156808	1
4534288005	1
4534313403	1
4534394704	0
4534599100	1
4534616112	0
4535032105	1
4536339605	1
4536894104	0
4537344706	1
4537360401	0
4537761713	1
4538494002	1
4538743510	0
4539558314	0
4540029413	0
4540397610	1
4540634013	0
4540893701	1
4541133201	0
4541839209	1
4542377912	0
4542848012	1
4546001412	1
4546442604	1
2874199707	1
4547082004	1
4550030806	1
4553781407	1
4554053502	0
4558525208	0
4558959112	0
4559183610	1
4560507401	1
8919136511	1
4560916001	1
4577819900	0
4562952401	1
4565053812	1
4565412401	1
4567033211	1
4567132403	1
4567697212	0
4568680207	0
4569955414	1
4570628208	1
4571404903	1
4572377711	0
4572708105	1
4572789205	1
4573386501	0
4575568308	1
4575727908	0
4576866710	1
4578427806	1
4578524014	1
4579178714	1
4581444105	1
4582247003	1
4582993102	1
4582993102	1
4583990810	0
4584081911	0
4584323110	0
4584372810	0
4585345111	1
4588369509	0
4588961512	1
4589210911	1
4589299512	0
4594556313	1
4596533900	1
4596804607	1
4597649605	1
4601142204	1
4602315210	1
4604431612	1
4607707014	0
4607898304	1
4608457809	1
4608658212	0
4609379607	1
4609554612	1
4609715213	1
4610324503	0
4611486908	1
4611925313	1
4613486011	0
4613713202	1
4614596712	1
4615066711	1
4615311504	1
4615697103	1
4617056500	1
4617267204	1
4617574807	0
4618036005	1
4618653712	1
4622426006	1
4622760506	1
4624089010	1
4626227213	1
4627073902	1
4627249910	1
4627589709	0
4627643705	0
4630289207	0
4630358708	1
4632577301	0
4633280909	0
4633620405	0
4633907305	1
4633907808	1
4633924514	0
4634421002	1
4635245507	0
4635366510	0
4635787009	0
4635838910	1
4636000104	1
4636313308	1
4637848211	1
4640285604	0
4640288010	0
4640386009	0
4640599005	0
4640631011	1
4640956008	0
4641673310	1
4643215006	1
4643312910	1
4643346714	1
4643995714	1
4644196004	1
4644450200	1
4644680506	1
4645493513	1
4646151808	1
4646309712	1
4646445105	1
4647616313	1
4648213402	1
4651102601	1
4651862314	0
4651895711	0
4651997408	0
4652574407	1
4653005805	0
4653253010	0
4653538813	0
4654729312	0
4654807109	1
4655350605	0
4655419010	0
4655568904	1
4655662907	1
4662783908	1
4663096306	1
4663680404	0
4664243400	0
4664297204	0
4665643511	1
4665834208	0
4666406311	1
4666729300	1
4666801909	1
4667376109	0
4668791200	1
4668992911	0
4671338209	0
4700189010	0
4701283009	1
4701359904	0
4702949011	1
4704081807	1
4704494610	0
4704908211	1
4705967711	0
4706655210	1
4706980900	0
4707556310	1
4708392309	1
4708432814	0
4708462502	0
4708729609	0
4709275607	1
4709276314	1
4709335305	1
4709551311	1
4710504508	0
4710667612	0
4712215908	1
4712231711	1
4712317903	1
4712707603	1
4712779205	1
4713088902	1
4713497303	1
4713839407	0
4713860206	0
4713928103	0
4713980409	1
4714500000	1
4714579010	1
4714992302	0
4715238404	1
4715469102	1
4715479301	0
7494721602	1
4715578610	0
4715587300	1
4715975600	1
4716220613	0
4717931607	0
4717941002	0
4718273812	1
4718277900	0
4719867500	1
4720221812	1
4720831403	1
4723331411	0
4723478600	0
4723782205	1
4723857913	0
4734030408	1
4724214808	1
4724286013	1
4724584611	1
4727700406	0
4728992002	1
4732369811	0
4733354205	1
4733530808	0
4733565308	1
4734030408	1
4734142303	1
4734172705	1
4734800205	1
4735273205	1
4740362009	1
4740604210	1
4741097902	1
4741789605	1
4741795612	1
4743570612	0
4744355313	0
4747237213	0
5240562310	1
4754023600	1
4754025808	1
4754231406	0
4755526304	1
4755865609	1
4756447612	1
4760551008	1
4761555503	1
4761591602	0
4762224611	1
4769321202	0
4772454905	1
4775781511	0
4775831103	1
4776361500	1
4776680802	1
4776942603	1
4778592606	0
4779154012	1
4779616709	1
4780582511	0
4784901511	0
4785055210	1
4785461511	1
4786001800	1
4786269900	1
4787342712	1
4787586608	1
4795491406	0
4795819611	1
4795970211	0
4796247710	1
4797347202	1
4797392202	0
4797402303	1
4798274007	1
4799736702	1
4800120109	0
4801742306	1
4802710100	1
4803984004	1
4804371801	1
4807831709	0
4807953707	0
4808624107	1
4808759301	1
4808777801	1
4811030402	0
4811228005	0
4811366500	1
4811588313	1
4811935701	0
4812493714	1
4812604309	1
4812950000	0
4813405606	1
4814093314	0
4814312602	1
